              precision    recall  f1-score   support

           0       0.97      0.96      0.97      9231
           1       0.98      0.98      0.98     22404
           2       0.97      0.98      0.98      3686
           3       0.98      0.98      0.98     38498
           4       0.00      0.00      0.00         5
           5       0.55      0.26      0.35       763
           6       0.00      0.00      0.00        13
           7       0.66      0.58      0.61     31959
           8       0.71      0.78      0.75     45563

    accuracy                           0.83    152122
   macro avg       0.65      0.61      0.62    152122
weighted avg       0.83      0.83      0.83    152122

