              precision    recall  f1-score   support

           0       0.96      0.97      0.97      9231
           1       0.98      0.98      0.98     22405
           2       0.98      0.97      0.98      3687
           3       0.98      0.98      0.98     38499
           4       0.00      0.00      0.00         4
           5       0.52      0.25      0.34       763
           6       0.00      0.00      0.00        12
           7       0.62      0.67      0.64     31959
           8       0.74      0.70      0.72     45563

    accuracy                           0.83    152123
   macro avg       0.64      0.61      0.62    152123
weighted avg       0.83      0.83      0.83    152123

