              precision    recall  f1-score   support

           0       0.78      0.77      0.77        47
           1       0.96      0.97      0.96       527
           2       1.00      0.81      0.90        16
           3       0.93      0.90      0.91        58
           4       1.00      1.00      1.00         4
           5       0.96      0.93      0.95       258
           6       0.92      0.96      0.94       190

    accuracy                           0.94      1100
   macro avg       0.94      0.90      0.92      1100
weighted avg       0.94      0.94      0.94      1100

