              precision    recall  f1-score   support

           0       0.90      0.74      0.81        47
           1       0.92      0.95      0.93       527
           2       0.81      0.81      0.81        16
           3       0.84      0.73      0.78        59
           4       0.00      0.00      0.00         3
           5       0.92      0.88      0.90       258
           6       0.90      0.94      0.92       191

    accuracy                           0.91      1101
   macro avg       0.75      0.72      0.74      1101
weighted avg       0.90      0.91      0.90      1101

