              precision    recall  f1-score   support

           0       0.63      0.70      0.67        47
           1       0.93      0.95      0.94       527
           2       0.91      0.62      0.74        16
           3       0.84      0.71      0.77        58
           4       0.90      0.90      0.90       258
           5       0.91      0.90      0.91       191

    accuracy                           0.90      1097
   macro avg       0.85      0.80      0.82      1097
weighted avg       0.90      0.90      0.90      1097

