              precision    recall  f1-score   support

           0       0.91      0.85      0.88        46
           1       0.97      0.96      0.97       527
           2       0.79      0.94      0.86        16
           3       0.85      0.91      0.88        58
           4       1.00      0.75      0.86         4
           5       0.95      0.95      0.95       258
           6       0.96      0.96      0.96       191

    accuracy                           0.95      1100
   macro avg       0.92      0.90      0.91      1100
weighted avg       0.95      0.95      0.95      1100

