              precision    recall  f1-score   support

           0       0.95      0.97      0.96      9230
           1       0.99      0.97      0.98     22404
           2       0.98      0.97      0.98      3686
           3       0.98      0.98      0.98     38499
           4       0.00      0.00      0.00         5
           5       0.47      0.25      0.33       764
           6       0.00      0.00      0.00        12
           7       0.63      0.64      0.64     31959
           8       0.73      0.73      0.73     45563

    accuracy                           0.83    152122
   macro avg       0.64      0.61      0.62    152122
weighted avg       0.83      0.83      0.83    152122

