              precision    recall  f1-score   support

           0       0.93      0.87      0.90        47
           1       0.95      0.97      0.96       527
           2       0.93      0.87      0.90        15
           3       0.87      0.80      0.83        59
           4       0.75      1.00      0.86         3
           5       0.93      0.94      0.93       259
           6       0.96      0.95      0.96       191

    accuracy                           0.94      1101
   macro avg       0.90      0.91      0.91      1101
weighted avg       0.94      0.94      0.94      1101

