              precision    recall  f1-score   support

           0       0.89      0.89      0.89        46
           1       0.95      0.95      0.95       527
           2       0.67      0.88      0.76        16
           3       0.92      0.84      0.88        58
           4       0.00      0.00      0.00         4
           5       0.89      0.94      0.91       258
           6       0.97      0.90      0.93       191

    accuracy                           0.93      1100
   macro avg       0.75      0.77      0.76      1100
weighted avg       0.93      0.93      0.93      1100

