              precision    recall  f1-score   support

           0       0.91      0.83      0.87        47
           1       0.96      0.95      0.96       527
           2       0.88      0.93      0.90        15
           3       0.86      0.86      0.86        59
           4       0.50      0.67      0.57         3
           5       0.93      0.93      0.93       259
           6       0.94      0.96      0.95       191

    accuracy                           0.94      1101
   macro avg       0.85      0.88      0.86      1101
weighted avg       0.94      0.94      0.94      1101

