              precision    recall  f1-score   support

           0       0.64      0.74      0.69        46
           1       0.91      0.95      0.93       527
           2       0.89      0.53      0.67        15
           3       0.89      0.29      0.44        59
           4       0.83      0.88      0.86       259
           5       0.91      0.91      0.91       191

    accuracy                           0.88      1097
   macro avg       0.85      0.72      0.75      1097
weighted avg       0.88      0.88      0.87      1097

