              precision    recall  f1-score   support

           0       0.87      0.85      0.86        47
           1       0.95      0.95      0.95       527
           2       0.89      1.00      0.94        16
           3       0.84      0.83      0.84        59
           4       1.00      0.67      0.80         3
           5       0.90      0.91      0.91       258
           6       0.92      0.92      0.92       191

    accuracy                           0.93      1101
   macro avg       0.91      0.88      0.89      1101
weighted avg       0.93      0.93      0.93      1101

