              precision    recall  f1-score   support

           0       0.87      0.87      0.87        47
           1       0.95      0.94      0.95       527
           2       0.94      1.00      0.97        16
           3       0.87      0.81      0.84        59
           4       1.00      0.67      0.80         3
           5       0.92      0.92      0.92       258
           6       0.90      0.93      0.92       191

    accuracy                           0.93      1101
   macro avg       0.92      0.88      0.90      1101
weighted avg       0.93      0.93      0.93      1101

