              precision    recall  f1-score   support

           0       0.91      0.83      0.87        47
           1       0.94      0.94      0.94       527
           2       0.82      0.93      0.87        15
           3       0.81      0.86      0.84        59
           4       0.00      0.00      0.00         3
           5       0.90      0.90      0.90       259
           6       0.94      0.95      0.95       191

    accuracy                           0.92      1101
   macro avg       0.76      0.77      0.77      1101
weighted avg       0.92      0.92      0.92      1101

