              precision    recall  f1-score   support

           0       0.74      0.68      0.71        47
           1       0.92      0.94      0.93       527
           2       1.00      0.88      0.93        16
           3       0.68      0.39      0.49        59
           4       0.85      0.90      0.87       258
           5       0.90      0.92      0.91       190

    accuracy                           0.88      1097
   macro avg       0.85      0.78      0.81      1097
weighted avg       0.88      0.88      0.88      1097

