              precision    recall  f1-score   support

           0       0.98      0.96      0.97      9230
           1       0.98      0.99      0.98     22404
           2       0.98      0.98      0.98      3687
           3       0.98      0.98      0.98     38499
           4       0.00      0.00      0.00         5
           5       0.53      0.27      0.36       764
           6       0.00      0.00      0.00        12
           7       0.65      0.58      0.62     31958
           8       0.71      0.78      0.74     45563

    accuracy                           0.83    152122
   macro avg       0.65      0.62      0.63    152122
weighted avg       0.83      0.83      0.83    152122

