              precision    recall  f1-score   support

           0       0.76      0.68      0.72        47
           1       0.94      0.94      0.94       527
           2       0.78      0.88      0.82        16
           3       0.77      0.81      0.79        58
           4       0.90      0.88      0.89       258
           5       0.93      0.94      0.93       191

    accuracy                           0.91      1097
   macro avg       0.85      0.85      0.85      1097
weighted avg       0.91      0.91      0.91      1097

