              precision    recall  f1-score   support

           0       0.89      0.89      0.89        46
           1       0.97      0.95      0.96       527
           2       0.83      0.94      0.88        16
           3       0.85      0.88      0.86        58
           4       1.00      0.50      0.67         4
           5       0.91      0.95      0.93       258
           6       0.97      0.94      0.95       191

    accuracy                           0.94      1100
   macro avg       0.92      0.86      0.88      1100
weighted avg       0.94      0.94      0.94      1100

