              precision    recall  f1-score   support

           0       0.80      0.91      0.85        47
           1       0.96      0.95      0.96       527
           2       1.00      1.00      1.00        16
           3       0.86      0.84      0.85        58
           4       0.00      0.00      0.00         4
           5       0.93      0.95      0.94       258
           6       0.95      0.94      0.95       190

    accuracy                           0.94      1100
   macro avg       0.79      0.80      0.79      1100
weighted avg       0.94      0.94      0.94      1100

