              precision    recall  f1-score   support

           0       0.95      0.85      0.90        47
           1       0.95      0.97      0.96       527
           2       0.88      0.93      0.90        15
           3       0.87      0.76      0.81        59
           4       0.60      1.00      0.75         3
           5       0.94      0.92      0.93       259
           6       0.95      0.96      0.95       191

    accuracy                           0.94      1101
   macro avg       0.88      0.91      0.89      1101
weighted avg       0.94      0.94      0.94      1101

