              precision    recall  f1-score   support

           0       0.84      0.81      0.83        47
           1       0.96      0.96      0.96       527
           2       0.94      1.00      0.97        16
           3       0.91      0.86      0.88        58
           4       1.00      1.00      1.00         4
           5       0.93      0.94      0.94       258
           6       0.93      0.95      0.94       190

    accuracy                           0.94      1100
   macro avg       0.93      0.93      0.93      1100
weighted avg       0.94      0.94      0.94      1100

